0 20.0 21.67 7.01 70.8 19.31
1 20.0 23.62 7.27 79.44 21.06
4 18.0 24.58 7.13 15.85 21.9
5 16.0 24.4 7.04 28.19 21.74
7 14.0 24.99 6.81 15.85 22.27
9 12.0 22.82 6.2 5.02 20.34
10 10.0 21.23 5.97 7.95 18.92
12 8.0 18.88 5.53 5.02 16.83
14 6.0 16.63 5.06 2.82 14.82
16 4.0 11.86 4.5 1.59 10.57
17 2.0 9.85 3.99 2 8.78
19 0.0 7.83 3.53 0.51 6.98
22 2.0 3.92 2.85 2.82 3.49
23 4.0 3.34 2.68 6.31 2.98
25 6.0 3.3 2.59 50.12 2.95
27 8.0 3.35 2.59 12.59 2.98
28 10.0 3.52 2.62 15.85 3.13
30 12.0 4.01 2.7 35.49 3.58
32 14.0 6.68 2.71 39.82 5.96
33 16.0 13.04 2.95 56.24 11.63
35 18.0 16.26 3.22 44.67 14.49
37 20.0 19.33 3.87 22.39 17.23
38 20.0 22.94 4.29 15.85 20.45
