0 20.0 19.16 6.61 11.23 17.08
2 20.0 19.31 6.39 44.67 17.21
4 18.0 17.29 6.36 7.08 15.41
5 16.0 13.89 5.98 6.31 12.38
7 14.0 13.37 5.63 12.59 11.92
9 12.0 12.33 5.27 3.17 10.99
10 10.0 10.97 4.98 7.95 9.78
12 8.0 10.53 4.62 25.12 9.39
14 6.0 9.33 4.34 6.31 8.32
16 4.0 8.61 4.05 1.13 7.67
17 2.0 7.75 3.7 2.82 6.91
19 0.0 6.26 3.21 0.32 5.58
21 2.0 3.72 2.69 3.55 3.32
23 4.0 3.7 2.59 10 3.3
25 6.0 4 2.54 5.63 3.57
27 8.0 3.99 2.52 3.55 3.56
28 10.0 4.23 2.51 15.85 3.77
30 12.0 5.06 2.54 12.59 4.51
32 14.0 8.25 2.63 12.59 7.36
33 16.0 11.44 2.74 35.49 10.2
35 18.0 13.81 2.9 35.49 12.31
37 20.0 15.37 3.59 15.85 13.7
39 20.0 17.19 4.48 28.19 15.32
