0 5.0 2.52 1.77 25.12 2.24
1 5.0 4.18 1.96 25.12 3.73
3 5.0 6.08 2.19 11.23 5.42
5 5.0 10.14 2.52 14.13 9.04
6 5.0 14.67 2.88 12.59 13.07
7 5.0 16.11 3.29 14.13 14.36
9 5.0 15.96 3.66 12.59 14.23
10 5.0 15.88 3.84 11.23 14.16
11 5.0 15.84 4.37 10 14.12
13 5.0 15.85 4.89 12.59 14.13
14 5.0 15.85 5.23 12.59 14.13
15 5.0 14.74 5.66 8.92 13.13
16 5.0 14.27 5.84 11.23 12.72
17 5.0 14.05 5.96 11.23 12.52
19 5.0 14.08 5.97 11.23 12.55
20 5.0 14.13 5.95 12.59 12.59
21 5.0 14.13 5.82 11.23 12.6
22 5.0 14.13 5.76 14.13 12.6
23 5.0 13.15 5.7 7.95 11.72
25 5.0 12.56 5.62 10 11.19
26 5.0 12.53 5.66 10 11.16
27 5.0 12.57 5.46 10 11.21
28 5.0 12.6 5.35 10 11.23
