0 5.0 9.46 3.84 7.95 8.43
1 5.0 8.18 3.86 3.17 7.29
2 5.0 7.94 3.83 11.23 7.08
3 5.0 7.71 3.78 5.63 6.87
4 5.0 7.58 3.7 5.02 6.76
5 5.0 7.18 3.54 7.08 6.4
7 5.0 6.78 3.47 7.08 6.04
8 5.0 6.84 3.4 7.08 6.09
9 5.0 7.03 3.27 3.55 6.27
10 5.0 7.08 3.17 2.82 6.31
11 5.0 7.1 3.05 5.63 6.33
12 5.0 6.8 3.02 5.63 6.06
14 5.0 6.92 3.02 7.95 6.17
15 5.0 6.77 3.01 3.55 6.04
16 5.0 6.52 3.01 4.47 5.82
17 5.0 6.3 3 3.99 5.62
18 5.0 6.29 3 3.99 5.6
20 5.0 6.3 3.01 10 5.62
21 5.0 6.31 2.94 7.95 5.63
22 5.0 6.32 2.94 10 5.63
23 5.0 6.05 2.92 4.47 5.39
25 5.0 5.92 3.01 6.31 5.27
26 5.0 6.1 3.02 4.47 5.44
