0 20.0 25.13 7.19 14.13 22.4
3 20.0 19.8 7.12 17.79 17.65
5 19.0 19.82 7.13 25.12 17.67
7 18.0 19.95 7.22 39.82 17.78
9 17.0 19.96 6.93 12.59 17.79
10 16.0 19.96 6.7 22.39 17.79
12 15.0 19.96 6.5 5.63 17.79
14 14.0 19.96 6.38 22.39 17.79
16 13.0 19.96 6.09 15.85 17.79
17 12.0 19.96 5.72 7.08 17.79
19 11.0 18.49 5.67 12.59 16.48
20 10.0 16.87 5.56 39.82 15.03
22 9.0 14.89 5.42 10 13.27
24 8.0 14.19 5.12 7.95 12.65
25 7.0 13.71 4.93 8.92 12.22
27 6.0 12.08 4.61 4.47 10.77
29 5.0 10.93 4.41 3.55 9.74
30 4.0 10.03 4.12 1.78 8.94
32 3.0 9.47 3.84 2.24 8.44
33 2.0 8.9 3.64 4.47 7.93
35 1.0 6.06 3.25 1.78 5.4
37 0.0 5.11 3.01 0.51 4.56
39 1.0 3.57 2.54 1.26 3.18
41 2.0 2.55 2.34 3.99 2.27
42 3.0 2.49 2.22 5.63 2.22
44 4.0 2.52 2.18 8.92 2.25
46 5.0 2.79 2.2 6.31 2.48
47 6.0 3.66 2.23 6.31 3.26
49 7.0 5.08 2.32 28.19 4.53
51 8.0 6.53 2.49 8.92 5.82
52 9.0 7.56 2.71 12.59 6.74
54 10.0 9.56 2.93 17.79 8.52
56 11.0 11.83 3.35 31.63 10.55
57 12.0 13.11 3.93 22.39 11.69
59 13.0 15.62 4.39 31.63 13.92
60 14.0 20.04 5.02 15.85 17.86
62 15.0 23.42 5.56 35.49 20.87
64 16.0 27.3 5.99 31.63 24.33
66 17.0 28.4 6.52 63.1 25.31
67 18.0 32.73 7.03 39.82 29.17
69 19.0 35.73 7.44 35.49 31.84
71 20.0 35.73 7.82 39.82 31.84
73 20.0 35.47 8.46 31.63 31.61
