0 20.0 26.16 7.16 14.13 23.32
2 20.0 27.21 7.26 15.85 24.25
4 19.0 25.28 7.05 11.23 22.53
6 18.0 24.03 6.73 10 21.42
7 17.0 24.64 6.36 11.23 21.96
9 16.0 23.59 6.26 19.96 21.02
10 15.0 22.01 6.06 7.95 19.62
11 14.0 19.85 5.84 14.13 17.69
13 13.0 18.81 5.6 39.82 16.76
14 12.0 17.23 5.26 7.08 15.36
16 11.0 16.5 5.18 12.59 14.7
17 10.0 14.54 4.96 7.08 12.96
18 9.0 13.36 4.77 15.85 11.9
20 8.0 14.07 4.66 12.59 12.54
21 7.0 13.89 4.33 2.82 12.38
23 6.0 13.11 4.1 2.52 11.69
24 5.0 11.08 3.81 3.55 9.87
26 4.0 8.95 3.64 2 7.97
27 3.0 7.53 3.51 1.78 6.71
28 2.0 4.97 3.16 2.24 4.43
30 1.0 4.27 2.78 1.59 3.81
31 0.0 3.5 2.54 0.45 3.12
33 1.0 2.88 2.24 0.32 2.56
34 2.0 2.42 2.11 10 2.16
36 3.0 2.35 2.02 3.99 2.09
37 4.0 2.37 1.94 3.99 2.11
38 5.0 2.37 1.92 5.02 2.12
39 6.0 2.38 1.87 10 2.12
41 7.0 2.79 1.91 31.63 2.49
42 8.0 3.52 1.95 14.13 3.14
43 9.0 4.61 2.05 14.13 4.11
44 10.0 5.41 2.19 22.39 4.82
46 11.0 5.61 2.28 6.31 5
47 12.0 6.78 2.54 22.39 6.04
48 13.0 9.77 2.87 39.82 8.71
49 14.0 11.37 3.15 22.39 10.13
51 15.0 14.27 3.67 44.67 12.72
52 16.0 16.1 3.96 39.82 14.35
53 17.0 22.17 4.52 63.1 19.76
54 18.0 25.43 4.95 14.13 22.66
55 19.0 26.2 5.18 25.12 23.35
57 20.0 26.73 5.57 22.39 23.82
58 20.0 27.82 5.91 50.12 24.79
