0 20.0 10.39 4.66 19.96 9.26
3 20.0 12.55 4.75 14.13 11.19
4 19.0 12.99 4.9 12.59 11.58
5 18.0 13.25 4.99 10 11.81
6 17.0 12.42 4.9 8.92 11.07
8 16.0 12.02 4.92 8.92 10.71
9 15.0 11.83 4.82 4.47 10.54
10 14.0 11.85 4.83 7.95 10.56
11 13.0 11.87 4.81 4.47 10.58
12 12.0 11.89 4.74 7.08 10.6
13 11.0 12.22 4.68 22.39 10.89
14 10.0 10.9 4.6 15.85 9.71
15 9.0 10.52 4.71 10 9.38
17 8.0 9.79 4.53 2.52 8.73
19 7.0 8.96 4.25 3.55 7.98
20 6.0 8.62 4.08 2 7.68
21 5.0 7.59 3.76 1.42 6.76
22 4.0 6.19 3.47 1.42 5.52
24 3.0 5.03 3.1 1 4.49
25 2.0 4.81 2.88 1.26 4.29
27 1.0 4.04 2.65 2 3.6
28 0.0 2.85 2.38 0.36 2.54
30 1.0 2.04 2.14 0.71 1.82
32 2.0 1.59 1.98 2.82 1.42
33 3.0 1.57 1.88 2.82 1.4
34 4.0 1.59 1.82 7.95 1.42
36 5.0 2.2 1.76 7.95 1.96
37 6.0 2.97 1.77 35.49 2.65
39 7.0 3.23 1.86 7.08 2.88
40 8.0 3.21 1.89 12.59 2.86
42 9.0 3.36 2.02 7.08 3
43 10.0 4.31 2.25 8.92 3.84
44 11.0 7.09 2.45 15.85 6.32
45 12.0 8.2 2.56 14.13 7.31
47 13.0 9.33 2.98 19.96 8.32
48 14.0 10.06 3.16 17.79 8.97
49 15.0 13.46 3.66 22.39 12
50 16.0 14.78 3.91 11.23 13.17
51 17.0 17.76 4.39 44.67 15.83
52 18.0 20.01 4.9 19.96 17.84
53 19.0 20.19 5.14 15.85 17.99
55 20.0 21.61 5.49 19.96 19.26
57 20.0 21.22 5.99 22.39 18.91
