0 20.0 45.55 8.25 10 45.55
2 20.0 37.91 7.46 11.23 37.91
4 19.0 22.48 6.62 11.23 22.48
6 18.0 13.66 6.01 7.08 13.66
7 17.0 11.1 5.68 11.23 11.1
8 16.0 10.92 5.49 14.13 10.92
10 15.0 11.08 5.19 10 11.08
11 14.0 12.58 5.02 14.13 11.21
12 13.0 12.61 4.88 7.08 11.24
13 12.0 12.6 4.82 4.47 11.23
15 11.0 12.6 4.67 5.63 11.23
16 10.0 12.59 4.55 14.13 11.22
18 9.0 11.35 4.42 5.02 10.12
19 8.0 9.13 4.26 7.08 8.14
20 7.0 8.35 4.16 2.52 7.44
22 6.0 8.13 4.04 2.52 7.25
23 5.0 7.93 3.83 4.47 7.07
24 4.0 7.29 3.55 12.59 6.5
26 3.0 6.09 3.37 2.82 5.43
27 2.0 5.48 3.08 1.78 4.88
28 1.0 5.45 2.99 5.02 4.86
30 0.0 4.77 2.6 0.45 4.25
32 1.0 3.56 2.34 0.64 3.18
33 2.0 2.85 2.16 4.47 2.54
35 3.0 2.77 2.06 6.31 2.47
36 4.0 3.21 2.05 6.31 2.87
38 5.0 3.91 2.07 8.92 3.48
40 6.0 4.05 2.11 35.49 3.61
41 7.0 4.68 2.16 10 4.17
43 8.0 5.39 2.25 8.92 4.81
44 9.0 6.07 2.42 14.13 5.41
46 10.0 6.79 2.59 14.13 6.05
47 11.0 8.26 2.85 7.08 7.36
49 12.0 9.96 3.18 12.59 8.88
50 13.0 11.16 3.82 44.67 9.95
52 14.0 13.23 4.16 15.85 11.8
53 15.0 15.14 4.55 19.96 13.5
55 16.0 15.95 4.89 22.39 14.21
56 17.0 16.3 5.24 44.67 14.52
58 18.0 19.77 5.51 28.19 17.62
59 19.0 22.36 5.83 19.96 19.93
61 20.0 22.66 6.09 14.13 20.2
62 20.0 23.9 6.33 22.39 21.3
